LDA-PW91*LDA-PW91
NONE
60
4.094100045 1.116074538 4.889487402 6 ALL
5.740621793999999 0.333726318 3.0080722140000002 6 ALL
2.4162087779999997 -0.585438354 5.986475667 6 ALL
5.6914888139999995 -2.160717282 2.202291342 6 ALL
5.864588082 -2.708927955 -0.36471789 6 ALL
5.953216419 2.2877071379999996 1.262717586 6 ALL
6.128016443999999 1.728913977 -1.296165807 6 ALL
6.083418815999999 -0.7602383789999999 -2.117820411 6 ALL
-0.830158389 2.5562377709999997 5.909374682999999 6 ALL
0.824489199 4.274191314 4.8267483659999995 6 ALL
-0.055936008 0.11961990899999998 6.4967027669999995 6 ALL
3.296067066 3.55080267 4.31425359 6 ALL
4.4444559869999996 4.285151748 2.0768132699999997 6 ALL
-0.4975659089999999 5.719834764 3.085173198 6 ALL
0.6375949019999999 6.435286542 0.826378929 6 ALL
3.1210780679999997 5.721724494 0.32257691099999997 6 ALL
-3.950102619 -1.554302925 4.904794215 6 ALL
-4.745301003 0.881370072 4.318788942 6 ALL
-1.5966328769999998 -1.9373511959999996 5.997625073999999 6 ALL
-3.188730402 2.9353176089999997 4.8210791760000005 6 ALL
-2.993899239 4.886463834 3.0838503869999996 6 ALL
-6.106473521999999 0.767419353 2.080025811 6 ALL
-5.901059871 2.72310093 0.329946858 6 ALL
-4.3363634310000005 4.779316143 0.8312922269999999 6 ALL
-0.927479484 -5.505350409 3.281516145 6 ALL
-3.29379939 -5.125703652 2.1990788009999997 6 ALL
-0.074266389 -3.908717532 5.187875769 6 ALL
-4.816165878 -3.14640045 3.012607566 6 ALL
-6.160897746 -1.7274021929999999 1.266308073 6 ALL
-3.1261803390000003 -5.6807173529999995 -0.358481781 6 ALL
-4.448802366 -4.2403651469999994 -2.11082841 6 ALL
-5.9796726389999995 -2.258038377 -1.2997562939999998 6 ALL
4.037219172 -3.883962069 3.280193334 6 ALL
3.192698835 -5.481917757 1.3781800889999998 6 ALL
2.416019805 -3.092732118 5.184474255 6 ALL
0.695042694 -6.297903171 1.3798808459999998 6 ALL
-0.6500671199999999 -6.406940592 -0.8681419619999999 6 ALL
4.325402996999999 -4.77156825 -0.87683472 6 ALL
2.98388367 -4.860007614 -3.13317234 6 ALL
0.48377088 -5.679394542 -3.123912663 6 ALL
-4.124902644 -1.092830859 -4.909329567 6 ALL
-3.3032480399999997 -3.5326612619999995 -4.362063759 6 ALL
-0.828646605 -4.246034337 -4.884007185 6 ALL
-2.4216889950000002 0.6026348970000001 -5.984963883 6 ALL
-4.0678327979999995 3.882450285 -3.283972794 6 ALL
-5.760841905 2.179803555 -2.231960103 6 ALL
-5.793156288 -0.307837017 -3.043788111 6 ALL
-2.392587153 3.100480011 -5.153482683 6 ALL
0.952234947 5.548436253 -3.291531714 6 ALL
-0.715829724 6.342122853 -1.4197541489999999 6 ALL
-3.201769539 5.515365978 -1.4155967429999998 6 ALL
0.098454933 3.91741029 -5.169356415 6 ALL
3.9638976479999997 1.5760348199999998 -4.922935623 6 ALL
4.822024041 3.1979900789999998 -3.043788111 6 ALL
3.3238460969999997 5.1876867959999995 -2.2344167519999996 6 ALL
1.5911526599999999 1.9286584379999998 -6.006695777999999 6 ALL
0.843008553 -2.550190635 -5.983074153 6 ALL
3.2093284589999995 -2.9262469049999997 -4.895912484 6 ALL
4.759096032 -0.8736221789999999 -4.378693383 6 ALL
0.041196114 -0.12188758499999999 -6.535631205 6 ALL
0 0.0