13
0.0 0.0 -0.8836245100421564
0.0 1.5511960469081343 -2.6684763818763817
1.3433285673456965 -0.7755980234540671 -2.6684763818763817
-1.3433285673456965 -0.7755980234540671 -2.6684763818763817
0.0 0.0 -2.1539142539999996
0.0 0.0 1.254591747
0.0 0.0 1.6395831044366551
0.3629733327222304 0.0 1.1262612945211148
-0.1814866663611152 0.31434412703375303 1.1262612945211148
-0.1814866663611152 -0.31434412703375303 1.1262612945211148
2.1032713606613984 0.0 1.6395831044366553
-1.0516356803306988 1.8214864293850335 1.6395831044366553
-1.0516356803306999 -1.8214864293850328 1.6395831044366553
