17 0
-0.4449252000   -0.9447171700   -0.7329812600   
0.1615795200    1.3215420600    0.7627673600    
-0.0343077100   -0.6367143200   -0.0000011200   
0.8304430700    -1.0045875600   0.0000001100    
0.1615803700    1.3215404000    -0.7627676600   
-0.4449239400   -0.9447184300   0.7329799000    
0.2072512000    0.1271088600    0.0000020100    
-0.7190816200   0.8857002700    -0.0000011900   
-0.0110944400   0.8714979300    0.0000001500    
-0.0271488900   0.8808860600    -0.0000014700   
0.0332961200    1.3200968100    0.7645664400    
-0.4432672300   -0.9474945000   -0.7377686600   
-0.4432689800   -0.9474957300   0.7377701800    
0.8210715300    -0.9359147500   -0.0000010200   
-0.0378492600   0.1292809600    0.0000003000    
0.0332960900    1.3200982600    -0.7645702000   
-0.0263351100   -0.6395887900   0.0000016100    
