13 0
-1.1938452000   -0.2425859800   0.0000000300    
-0.0010409800   0.5973834900    -0.0000001400   
1.1880303100    -0.4010327600   -0.0000000300   
-1.2034242500   -0.5066186500   -0.4194687700   
1.1287121400    -0.9222992200   -0.7399183200   
0.0409759600    1.1308821800    -0.7511267900   
-0.6977340600   0.1652716400    -0.0000000300   
0.0409763000    1.1308826700    0.7511263800    
0.6245523700    0.0989347500    0.0000000600    
1.9663603300    0.0512004800    -0.0000002200   
1.1287119000    -0.9222990300   0.7399182500    
-1.2034241100   -0.5066187100   0.4194691700    
-1.8102870800   0.2091904000    0.0000000500    
