15 0
-0.0284358400   -0.1583862800   0.9789895400    
-0.1166779700   -0.6498867300   -1.3035371300   
0.0020414300    0.0113714200    -1.8268559200   
0.0006525400    0.0036349100    1.0320652100    
0.0008800000    0.0049013200    1.2244309000    
0.1633787200    0.0554756900    0.9646823900    
-0.1338778700   0.1088437700    0.9646823100    
0.0002264700    0.0012606800    -2.6257257700   
0.1853721200    1.0325058700    1.2118077400    
0.0001557700    0.0008675000    -0.6322143500   
-0.5544045800   0.4768978800    -1.2033157300   
0.6856732900    0.2542592900    -1.2033161000   
-0.0094517000   -0.0526459700   0.0189002000    
-0.9707827100   -0.3637042600   1.2444969900    
0.7836365700    -0.6786846100   1.2444972700    
