11 0
-0.0000006100   -0.0000274500   -1.2605693700   
0.0000007700    -0.0000051300   0.2355469500    
0.0000007000    0.0000016200    2.2600864600    
0.7329599400    -0.4233615700   -1.5452913400   
0.6062032600    0.3500273900    0.8566767100    
-0.0000012300   0.0000018400    1.4395287600    
0.0000036600    0.0000468200    -0.4686728100   
0.0000006000    0.8459812200    -1.5453087300   
-0.7329614100   -0.4233606900   -1.5452914300   
0.0000257200    -0.6999807000   0.8566897200    
-0.6062359700   0.3499858900    0.8566574200    
