16 0
-1.3355851600   0.4214160200    0.0000000900    
0.0005067500    0.9878261700    0.0000002200    
0.9983710400    -0.1757770000   -0.0000012600   
0.5847955500    -1.4506528400   -0.0000006900   
-1.8328123500   0.9876698300    -0.0000002200   
0.7794489400    -0.8347873600   -0.5680942000   
0.1544788900    1.4986602500    -0.7532589300   
1.8552803200    0.0776651700    0.0000006100    
-0.7586145900   0.7055631500    -0.0000027500   
0.1544783300    1.4986606900    0.7532589800    
-1.4026430500   0.1663197800    -0.4204894500   
1.1464794800    -2.1117218700   0.0000012000    
-0.2749049200   -1.6601501000   0.0000009700    
0.5328000200    0.4102677300    0.0000028000    
-1.4026405500   0.1663219900    0.4204925600    
0.7794507400    -0.8347874500   0.5680829400    
