25 0
-1.6787963900   -0.6233629000   0.7662915200    
-1.7780035300   0.3682767600    -0.0002944600   
1.1363057900    -0.8011713700   -0.7361794300   
-0.1491841900   1.1436855100    0.7363725700    
-1.6784838000   -0.6238920200   -0.7661641200   
0.5606112400    0.1970590100    -0.0000128800   
1.1332399200    -0.2729741600   0.0000527000    
-1.4001290300   -0.2302836200   -0.0000119200   
-0.6734178200   -0.0615911900   0.0000802300    
-0.1594846100   0.6130907300    -0.0000677400   
-0.1491370300   1.1435250800    -0.7366228400   
1.1362825900    -0.8010116300   0.7363996200    
1.8745913400    0.2482156500    0.0000060300    
-0.8148637100   0.1883783700    -0.0000400800   
-1.7371258700   -0.5230419100   0.7665828500    
-0.1423589700   1.1479548200    -0.7456242100   
1.1430020700    -0.8018775000   0.7390134500    
1.8572759500    0.2605012400    0.0000037700    
-1.4138445200   -0.2219416900   -0.0000177900   
1.1347139800    -0.2709904100   0.0000537500    
0.4888027300    0.1465910900    -0.0000039100   
-0.1513577900   0.6155802100    -0.0000624500   
-0.1423982800   1.1481144900    0.7453845800    
-1.7368117800   -0.5235773200   -0.7665483500   
1.1430265200    -0.8020361900   -0.7387908300   
