18 0
-2.2276634200   -0.3321599100   0.0000001600    
1.2233357500    0.4215186800    0.0000007900    
-0.0014755400   1.0085297300    -0.0000004400   
-1.2329173900   0.2451364100    0.0000003100    
1.4906931900    -1.0776784000   -0.0000013200   
-1.5744425100   -0.3896435900   -0.6082595700   
0.5553550800    0.6938980600    -0.5863238300   
1.3532794200    -0.3137097400   0.0000008800    
-0.6858964100   0.6340628400    -0.0000040000   
-0.1042961600   1.8927030100    -0.0000006000   
1.9389184800    0.9377567200    0.0000002800    
1.9574728700    -1.2787105900   -0.7323455700   
1.9574715600    -1.2787105600   0.7323435600    
0.7068332400    -1.5385866700   0.0000002200    
-2.0948654700   0.4142595800    0.0000044400    
-2.6470960500   -0.5916706900   0.0000018900    
-1.5744292500   -0.3896473100   0.6082579700    
0.5553472500    0.6939000000    0.5863298700    
