18 0
0.0023294500    1.0248894600    0.0000002200    
-1.2376421200   0.5040660500    0.0000000200    
1.2043502500    0.2097072500    0.0000002800    
-1.5457906600   -0.9975777500   0.0000002500    
2.2070847100    -0.4485372200   0.0000004400    
-0.5740250500   0.7431714900    0.5801850200    
1.4488597700    -0.4371378400   -0.6577773500   
-1.3957418100   -0.2361036900   -0.0000007300   
-1.9369503800   1.0370825600    -0.0000001500   
2.8760923900    -0.8704048800   -0.0000008500   
0.1387028000    1.9034906900    -0.0000001400   
0.6750026500    0.6321915600    0.0000007700    
-2.0110577300   -1.1885841300   -0.7332584900   
-2.0110580400   -1.1885838800   0.7332586600    
-0.7745363000   -1.4669191700   0.0000002600    
1.4488795600    -0.4371244000   0.6577827600    
2.0853375200    0.3397262900    -0.0000108400   
-0.5740246800   0.7431732100    -0.5801798300   
