21
1,2,4-trimethylbenzene
  C        0.70158        0.75707       -0.00045
  C        1.70249        1.89022       -0.00066
  C        1.13269       -0.58930        0.00128
  C        0.16481       -1.59900       -0.00102
  C       -1.20206       -1.30481       -0.00428
  C       -1.64292        0.02146       -0.00428
  C       -0.67006        1.03270       -0.00355
  C        2.60355       -0.93772        0.00353
  H        0.48527       -2.63928       -0.00170
  H       -1.92687       -2.11646       -0.00730
  C       -3.11553        0.36618        0.00534
  H       -0.99319        2.07342       -0.00609
  H        1.19839        2.86210       -0.00316
  H        2.35594        1.85573        0.88147
  H        2.35906        1.85283       -0.88035
  H        2.74968       -2.02283        0.00551
  H        3.12054       -0.53420       -0.87764
  H        3.11839       -0.53121        0.88456
  H       -3.36982        1.06744       -0.79933
  H       -3.73480       -0.52819       -0.12272
  H       -3.40980        0.83995        0.95136
