17 0
-1.2417301100   0.4066282200    -0.0808608000   
-1.1233568900   -0.4764691200   0.3925246900    
-1.0044084600   -0.4887024300   -0.4242663300   
-0.3243902600   -0.1601731000   0.1103856900    
0.5570596800    -0.0799097000   -0.7619543900   
-0.9207385100   -0.2623548100   -0.0101655200   
0.8853101000    -0.8780428900   0.1432051200    
0.7933622900    0.6745861100    0.2074920700    
0.4330934000    -0.1212914300   -0.0825451000   
-1.2445698600   0.3992045200    -0.0878685800   
-0.9346887900   -0.4023796000   0.4957505200    
-1.1326427800   -0.5872026800   -0.3127392500   
-0.2878266100   -0.1560757000   -0.1747317500   
0.8981044800    -0.8654431700   0.0197723100    
-0.9205434300   -0.2624158100   -0.0124979300   
0.4450298200    -0.1197071000   -0.0988369300   
0.7991687100    0.6732374700    0.0750711700    
