13 0
0.8821080900    0.5341620100    0.9101183200    
-0.0000000200   -0.0001761400   -1.1546887200   
0.0000002100    0.1582243500    0.6074503900    
-0.0000000400   -0.0041029100   0.6666223300    
-0.8821063400   0.5341654800    0.9101179600    
-0.0000001900   0.0033076900    0.8565017500    
-0.1523916200   -0.0865097500   0.6023966600    
0.7416678000    -0.4290361000   -1.4250405800   
0.0000000000    0.8557545100    -1.4272025300   
-0.7416679200   -0.4290360700   -1.4250404200   
0.0000003400    0.0034444000    -0.3852286000   
-0.0000017200   -1.0361012900   0.9324193400    
0.1523914800    -0.0865099000   0.6023970400    
