13 0
-0.0510613000   -0.6727314500   -0.0027244900   
-0.0487117200   1.1734234900    -0.0001396800   
0.0400619500    -0.5965807200   -0.1603844800   
0.0307214500    -0.5992727700   0.1496342300    
-0.0267136400   -0.8787676900   0.0036756400    
-0.2476247200   -0.6201326800   -0.0006737600   
-0.0194427900   0.4578292800    0.0036523500    
1.1354280300    -0.8151776800   0.0017707300    
0.3615738400    1.4859944700    -0.7480525100   
0.3618552200    1.4880917400    0.7470508000    
-0.9268162900   1.4169886500    -0.0006377900   
-0.4750721800   -1.0251017900   -1.0615862300   
-0.4455767300   -1.0013145300   1.0694255500    
