17 0
-0.0034169600   0.0029666600    1.0090593700    
-0.0042627000   0.0015186000    -1.0090593700   
-0.5656972400   -0.8663461500   1.2023916700    
-1.0601626400   0.0240738300    -1.0228191900   
0.4765843700    0.9183948300    -1.2023601700   
-0.5419006900   0.9115205200    1.0228053000    
0.9673372100    0.0557506400    1.4178035100    
-0.1548834800   -0.0134074700   0.9021450300    
-0.0727176100   -0.1570799900   -0.9517802500   
-0.0450476300   0.0307840800    -1.1939414600   
0.3152427600    -0.1841275000   0.0000002800    
-0.0644296900   0.1414806800    -0.9021407600   
0.0897086100    -0.1417227200   0.9923793800    
-0.0489422200   0.0241139500    1.1939417700    
0.1010770500    0.1405165300    0.9517731200    
0.1675135800    -0.0084943100   -0.9923767800   
0.4267767000    -0.8698825700   -1.4178222400   
