25 0
0.0128138300    0.0369341400    1.7511828300    
0.3471728400    -0.3038514600   -0.1938972400   
0.2112782800    0.5112774200    0.0679870800    
0.0474199500    0.1572891400    1.4680001300    
0.9985025800    0.2058546000    1.8219551800    
0.0006502300    0.0006703700    0.0108609400    
-0.1587254900   -0.0433360600   1.5354487300    
-0.3036159100   -0.9174921400   2.0282266300    
-0.1460465800   -0.2883488500   0.6040822400    
-0.6802846400   0.7451945300    1.8242517800    
-0.4438570900   0.0272715600    -0.2180288800   
0.0041977000    0.0025704400    1.5693440900    
0.1117895100    -0.1403751800   1.5278827900    
-0.0925553900   -0.9958597200   1.9474178700    
-0.0621136900   0.0253201400    1.7522390500    
-0.1922223300   -0.3889363200   -0.2161093600   
0.6534126600    0.7685847200    1.9504047600    
-0.0021367500   0.0009994900    0.0106864100    
-1.1165218300   0.4551283400    1.2979869000    
0.1753218900    -0.0721104500   1.5692327600    
0.1453847200    0.4197082000    -0.1983277300   
-0.1049304400   -0.1073112500   1.4917170300    
-0.0020033700   0.1584978400    1.4839635200    
0.1853380400    -0.0955159000   0.5879494800    
0.0027668400    0.0012863800    1.5734742500    
