13 0
-0.0000001800   -0.0000001400   1.1585523400    
0.0000030900    0.0000022300    -0.5891208300   
0.0000002300    -0.0000001700   0.0153981800    
-0.5390077700   -0.3574286900   0.6800519300    
-0.0000012000   -0.0000002500   1.6708228700    
-0.0400397500   0.6455019000    0.6800616500    
0.5790361800    -0.2880762300   0.6800629300    
-0.5740402100   0.0488752900    0.3844330300    
-0.0460407900   -0.5407477900   1.3832198000    
-0.0000003400   0.0000008500    -0.0160952400   
-0.0000002000   -0.0000003600   1.1589231400    
0.5740487100    -0.0488816600   0.3844184900    
0.0460469000    0.5407472900    1.3832140600    
