11 0
0.0000435900    -0.0000101400   1.1586766300    
0.0007216600    -0.0001678600   -1.1586996800   
0.0139263400    -0.0032390300   0.0020802200    
0.1012959100    0.4754868900    0.6789703000    
-0.1252740300   -0.4017593700   -1.4269112800   
0.0648799200    0.4158062400    -1.4269111900   
-0.4019324400   0.0934836100    1.4371593600    
0.5046381900    -0.1173716400   -0.7302032900   
-0.1189326500   -0.4713845600   0.6789699900    
0.4162039500    -0.0968031200   1.4209519300    
-0.4342830900   0.1010079500    -0.6259356600   
