10 
HCO_in 
H         -0.60861063      0.82103438      0.00000000
C          0.30430532      0.17779826      0.00000000
O          0.30430532     -0.99883264      0.00000000
 He        0.14887827        -0.52338363         0.41363364
 He       -0.32446762         0.74983065        -0.00900208
 He        0.30605294        -0.98764622        -0.00048531
 He        0.71703512        -0.33830977        -0.37598515
 He       -0.08211925        -1.10643714        -0.33247959
 He        0.30595579         0.19240172         0.00387097
 He        0.56299895        -1.36324282         0.15869964
