8 7
-0.5136196000   0.7077482600    -0.0000001100   
0.2813451600    -0.5274384300   0.4814690600    
0.8213532600    0.5810533400    0.0000004100    
0.3026587100    -0.9877515800   0.0000000800    
0.2813454100    -0.5274379300   -0.4814688000   
0.7283006100    -1.2199909600   -0.0000002400   
0.2892554600    0.1752989800    0.0000000000    
-0.0951116500   -1.2801745100   -0.0000002000   
0.1488782700    -0.5233836300   0.4136336400    
-0.3244676200   0.7498306500    -0.0090020800   
0.3060529400    -0.9876462200   -0.0004853100   
0.7170351200    -0.3383097700   -0.3759851500   
-0.0821192500   -1.1064371400   -0.3324795900   
0.3059557900    0.1924017200    0.0038709700    
0.5629989500    -1.3632428200   0.1586996400    
