13 0
-0.1407176200   -0.5504899900   0.0025145000    
0.2248733500    1.2847403200    0.4157415000    
0.0349992300    -0.6106573400   -0.0036589400   
0.0431862600    -0.7997126800   0.0017609100    
0.1244401300    -0.5447465900   -0.1513778400   
-0.4764594000   -0.8863554000   -0.9002584100   
0.0269074900    0.4531269300    0.0160321000    
1.0793865900    -0.8297039200   0.0156395600    
-0.7218417300   1.3020905300    -0.0005778000   
0.2201502100    1.2692572800    -0.4259891700   
0.0271071300    1.1178071300    -0.0000362700   
0.1159478800    -0.5516826000   0.1367717900    
-0.4484123000   -0.8758702800   0.9068328900    
