9 8
0.1780000000    0.1450000000    0.5990000000    
0.7900000000    -0.2740000000   0.8660000000    
-0.0130000000   -0.0234000000   -0.2840000000   
-0.1460000000   0.8280000000    0.8710000000    
0.0000241000    0.0001450000    0.6700000000    
-0.6390000000   -0.5420000000   0.8420000000    
-0.2100000000   0.0774000000    0.5810000000    
-0.0060900000   0.0014700000    0.9090000000    
0.0375000000    -0.2250000000   0.5900000000    
-0.0000232000   0.0004150000    0.6700000000    
0.4310000000    -0.6900000000   0.9680000000    
-0.2940000000   0.7600000000    0.9840000000    
0.0177000000    0.0031200000    -0.2900000000   
-0.0008590000   0.0068400000    0.9100000000    
0.2020000000    -0.0899000000   0.5650000000    
-0.1730000000   -0.1550000000   0.5920000000    
-0.0290000000   0.2300000000    0.6090000000    
