10 
N2H_in 
H          0.62463306     -0.70403964      0.00000000
N         -0.31231653     -0.23709575      0.00000000
N         -0.31231653      0.94113539      0.00000000
 He       -0.30138806        -0.22968056        -0.00000023  
 He       -0.28325539         0.39686613        -0.49215217  
 He       -0.28325222         0.39686267         0.49214742  
 He        0.38125337        -0.59271893        -0.00000051  
 He       -0.34721873         1.46413741         0.00000219  
 He       -0.74726562        -0.55442594        -0.00000039  
 He       -0.31103796         0.92834780        -0.00000011  
