8 7
-0.3071311100   0.2872504700    0.4954376500    
0.4791697800    -0.6371456800   -0.0000002400   
-0.8115235600   1.1923299200    0.0000001100    
0.1686526700    1.2292299700    -0.0000007400   
-0.6886515000   -0.6101132500   0.0000004700    
-0.3071330500   0.2872492400    -0.4954371000   
-0.2998875800   -0.2329202600   0.0000000300    
-0.3114479100   0.9282666800    -0.0000000400   
-0.3013880600   -0.2296805600   -0.0000002300   
-0.2832553900   0.3968661300    -0.4921521700   
-0.2832522200   0.3968626700    0.4921474200    
0.3812533700    -0.5927189300   -0.0000005100   
-0.3472187300   1.4641374100    0.0000021900    
-0.7472656200   -0.5544259400   -0.0000003900   
-0.3110379600   0.9283478000    -0.0000001100   
