15 0
0.0000542300    -0.0000152600   0.9425701500    
0.0053007500    -0.0015059000   -0.9361705800   
-0.2033401800   0.0577744700    1.0082870300    
0.0544591200    -0.2081585700   -1.0044921500   
0.0520210100    -0.2055329100   1.0070422900    
-0.0007356000   0.0002088800    0.7357988800    
-0.0158747300   0.0045095500    -0.7174660000   
0.1557755700    0.1484261200    -1.0044911400   
0.1523204500    0.1474745500    1.0070423900    
-0.1774929100   0.0504310600    -1.0139275400   
1.1080458800    -0.3148281600   -0.0017564400   
-0.0846246800   0.0240426200    -2.1784882200   
0.0058987800    -0.0016784200   2.1977547400    
-0.8276149000   -0.7976802100   0.0029319600    
-0.2845439300   1.1136762400    0.0029322700    
