9 8
0.0000015700    0.1739228700    0.5288254700    
-0.0000000600   0.0029519700    0.6601275900    
0.9349222400    -0.0026092200   -0.2196889600   
-0.9349203000   -0.0026097300   -0.2196902500   
0.1856379000    -0.0005850700   0.7858475100    
-0.1856403600   -0.0005841500   0.7858444800    
0.0000000400    -1.1869657600   1.1414921700    
-0.0000007300   1.1853251400    1.1792720200    
0.0000005600    -0.1639608700   0.5410037700    
0.9662105800    0.0021150100    -0.2091574300   
-0.0000027700   0.0040172800    2.0538722200    
-0.9662094600   0.0021158200    -0.2091583200   
-0.0000000400   0.0021489100    0.6605557200    
-0.1822265600   -0.0909308000   0.7456564300    
0.0000023200    -0.0360360000   0.4594874700    
0.0000015100    0.2265307000    0.6909585400    
0.1822226100    -0.0909338600   0.7456611100    
