16 0
-0.1224917000   0.1180155400    -1.0637431500   
0.1146887200    -0.1256118200   -1.0637432800   
0.7568349700    0.7368088500    -1.3839423200   
-0.1100136800   -0.1071025100   0.8194319500    
-0.1100135700   -0.1071024500   -0.8194318000   
0.7568348600    0.7368092100    1.3839419500    
0.6405297600    -0.6140481700   0.0000000000    
-0.7707441900   -0.7503505500   1.3681198500    
0.1109018700    0.1079674600    0.8477133300    
-0.1224916000   0.1180153800    1.0637433800    
0.1109021200    0.1079673300    -0.8477134600   
-0.0023179300   -0.0022566000   0.9490218500    
-0.7707443300   -0.7503505600   -1.3681196100   
0.1146890300    -0.1256117700   1.0637430700    
-0.5966549300   0.6567624700    0.0000000100    
-0.0023179400   -0.0022565900   -0.9490218500   
