28 0
0.0401922200    -0.1012191600   2.3875537200    
0.1979770300    0.1315154800    1.1365345700    
-0.2144011100   0.1022652900    -1.1445607600   
0.0125776800    0.0133522500    -0.8271373500   
0.0128958800    -0.2032534200   1.1511660000    
0.1701585800    0.1119370400    -1.1511202000   
-0.2106355800   0.1098293800    1.1445588800    
-0.0007083600   0.0059235600    1.0666491300    
-0.1173519100   1.2602206900    0.0015618700    
0.1051414500    0.0290188400    -2.3875360700   
-0.0031273900   -0.0181318100   0.8271479000    
0.0139808400    -0.2372602300   -1.1365873500   
-1.0774566500   -0.6644425400   -0.0015654700   
-0.0051576800   -0.0029984300   -1.0666483400   
1.1016265100    -0.5498373000   0.0000026000    
1.0505232600    0.9871796900    -0.0000039800   
-1.5150688600   0.7600013800    0.0000002800    
-0.1883414400   -0.1337185600   -1.1609741100   
-0.0054400000   0.2309198900    1.1609701500    
-0.0179203100   0.0089858000    0.8515643900    
0.2164340300    -0.1085720500   1.1288529900    
0.0004682500    -0.0002349300   -1.0728973600   
0.0004684000    -0.0002349800   1.0728973500    
-0.1631681200   -1.4323109700   0.0000048800    
-0.0054601600   0.2309194100    -1.1609699000   
-0.1883511100   -0.1337024400   1.1609762800    
-0.0179186500   0.0089841900    -0.8515641200   
0.2164422700    -0.1085535700   -1.1288549600   
