17 0
0.2479570420    0.1510000000    1.0769680660    
-0.0306686590   -0.2800000000   1.0511740670    
-0.0293021360   0.2800000000    -1.0511017940   
0.9388246840    0.5370000000    -1.5045829880   
0.0356655100    -0.0127000000   -1.4552600080   
-0.9395071680   0.5550000000    -1.4776069650   
0.2481104150    -0.1500000000   -1.0759118030   
0.0000041624    0.0000058300    1.1582290870    
-0.2545386560   0.1170000000    1.0474280120    
-0.9394563910   -0.5550000000   1.4775676440    
-0.2545431190   -0.1180000000   -1.0484479340   
-0.0158299350   0.0000453000    0.0000870706    
0.0148872170    1.0900000000    1.4890715260    
-0.0000060327   -0.0000061900   -1.1582254650   
0.0149468990    -1.0900000000   -1.4891874390   
0.0369438500    0.0127000000    1.4551006950    
0.9387926460    -0.5370000000   1.5045246390    
