11 0
-0.0000000000   0.0000000200    -0.7624187000   
0.0000000000    -0.0000000100   0.7449523400    
-0.2067411100   0.1126768000    -0.8383635900   
0.0000001500    -0.0000005400   -0.5424944600   
-0.0000001800   0.0000010800    -2.2727236500   
0.0057896700    -0.2353810700   -0.8383646000   
-0.5177833400   -0.3161734500   0.5135149000    
0.0000000500    -0.0000000600   1.2149077300    
-0.0149225500   0.6065003000    0.5135150000    
0.5327061200    -0.2903268800   0.5135147800    
0.2009513000    0.1227049000    -0.8383638500   
