16 0
-0.1696915500   0.0836154400    0.4526072200    
0.0000000200    -1.2377658700   -0.3642338900   
-0.0000000300   1.2379646600    -0.3636676700   
0.0000000300    0.0052459400    0.3686002900    
-0.0000003500   0.0271795700    0.1705316600    
0.1696923300    0.0836148100    0.4526066200    
-0.0000010700   -0.1084850900   1.6032098300    
0.0000000500    -1.2860327500   -0.8706809200   
0.0000004300    0.9933803800    -0.8669130900   
0.5278071500    1.0232774700    -0.0111563600   
-0.5453783600   -0.8685778100   -0.1701332100   
0.5453779300    -0.8685778400   -0.1701331900   
-0.5278081700   1.0232773500    -0.0111570000   
-0.0000000600   1.7167603400    -0.3804059800   
-0.0000000300   -1.6643782100   -0.0986454000   
-0.0000003100   -0.1785134600   0.4060558100    
