12 0
0.0000000200    -0.0000000100   0.5113568300    
0.0000000000    0.0000000100    -1.0008700200   
-0.4132542700   0.4125790300    -0.5277100300   
0.1085615900    0.1087393000    0.3987512500    
-0.1223703200   0.1221703400    0.6269424000    
-0.1085615800   -0.1087391100   0.3987510800    
-0.2967186900   -0.2972044100   -1.2408073500   
0.7556378800    0.7568747000    1.0197251300    
0.4132540400    -0.4125784400   -0.5277103100   
-0.7556379200   -0.7568749200   1.0197248800    
0.2967186000    0.2972044700    -1.2408075100   
0.1223703400    -0.1221705800   0.6269422800    
