15
thymine
  C       -1.15859       -0.48870       -0.00021
  C       -0.67327        0.89703        0.00000
  N        0.72786        1.03228        0.00000
  C        1.68113        0.02734        0.00000
  N        1.12099       -1.24302        0.00000
  C       -0.23937       -1.48295       -0.00010
  O       -1.38643        1.89265       -0.00012
  O        2.88620        0.22625        0.00013
  C       -2.64278       -0.72025        0.00024
  H        1.08746        1.98180        0.00000
  H        1.78437       -2.00675        0.00000
  H       -0.51872       -2.53200       -0.00061
  H       -3.11102       -0.25970       -0.87736
  H       -2.87477       -1.79038       -0.00202
  H       -3.11008       -0.26373        0.88050
