 33 0
  -9.158801960180e-01 2.058138013620e-01 -6.106779413812e-03
  -7.154356992712e-01 -9.379589642268e-01 5.088973720471e-01
  -6.783852963328e-01 -9.206185694140e-01 -5.144452820856e-01
  -1.910555942163e+00 -5.925697703306e-01 1.369040970128e-02
  -1.158592459400e+00 -4.887010373893e-01 -2.100004457781e-04
  9.402593655211e-02 9.421694612820e-01 -1.282359746141e-01
  -1.065139894215e+00 1.494946980035e+00 3.994250518297e-01
  -1.101584570468e+00 1.455792273487e+00 -4.122155787484e-01
  -6.732714291858e-01 8.970319041729e-01 0.000000000000e+00
  1.151182470230e+00 5.522231293357e-01 -1.203757469278e-01
  1.013734155231e+00 1.757895532721e+00 -2.433851698938e-01
  7.278615450668e-01 1.032282191275e+00 0.000000000000e+00
  6.378764441910e-01 7.884316945074e-01 1.042645460579e+00
  1.357857162032e+00 -6.463327714662e-01 -1.048739064699e-01
  2.390235431544e+00 1.548946851856e-01 3.748055533758e-01
  2.389673526047e+00 1.523479893408e-01 -3.976895314898e-01
  1.681133568623e+00 2.734005803606e-02 0.000000000000e+00
  4.850347526830e-01 -1.343286781995e+00 -1.503178154657e-01
  1.616369380291e+00 -1.849561062781e+00 -2.347640693753e-01
  1.120992379585e+00 -1.243022638624e+00 0.000000000000e+00
  1.019986166724e+00 -1.056774478215e+00 1.036286574961e+00
  -3.876118524971e-01 -2.329633693984e+00 3.582290812892e-02
  -2.393705081233e-01 -1.482953147936e+00 -1.000002122753e-04
  -1.386432943048e+00 1.892654017628e+00 -1.200002547303e-04
  -2.064326781558e+00 1.739245954601e+00 -2.281711519463e-02
  -1.029435118592e+00 2.505456382626e+00 3.425759849172e-02
  2.886206126689e+00 2.262504802728e-01 1.300002759579e-04
  3.071895376814e+00 9.246485450750e-01 7.806787617656e-03
  3.268808214939e+00 -3.995889084062e-01 4.189007798032e-03
  -2.937164485500e+00 -3.112861128646e-01 -7.212727702099e-01
  -2.735071598130e+00 -1.650886682437e+00 -8.339746305734e-03
  -2.919714272199e+00 -3.063631039320e-01 7.215810943392e-01
  -2.642785609969e+00 -7.202515289127e-01 2.400005094607e-04
